15348.724028651704
989.3739261582816
640.8242690785556
530.8555943387253
495.58711309014797
465.1980397544315
447.7098034595856
430.07291816961396
412.3964621648113
399.170230136347
389.12342084195933
374.0995965758078
361.0509039524051
346.0708259716529
327.9065930744016
306.2446875506094
271.7172177559339
237.8043674542931
190.64087173986047
136.4382973204704
78.9038742402597
23.18276707762921
1.5996567553904477
0.44899056866681514
0.7795088088686009
0.9551529009791021
0.8950033981258134
0.6958873812169315
0.4359952634485801
0.2200617606474895
0.08173724080099719
0.02514033018052367
0.0062874812475725225
-0.012574954588693855
-0.006287481247572533
-0.006287477294360888
-0.0062874812475725225
0.0062874772943329665
0.0
0.012574962495172988
0.018862431883054708
0.01886244374274552
0.025149909177415587
0.01886244374274552
0.03143738647174865
0.02514992499034589
0.025149909177387752
0.037724863766081494
0.031437406237946434
0.04401234106041461
0.037724887485546754
0.04401234106041461
0.03143740623794632
0.04401234106044253
0.037724887485518964
0.037724863766081626
0.050318990953268694
0.04401236873311927
0.04401234106041461
0.050299849980720054
0.03772486376608136
0.05654424209980685
0.050395827729444904
0.037653154204723406
0.050395827729416934
0.056479731307099046
0.050395827729416934
0.05647969586312097
0.05039582772941658
0.05647973130709944
0.04409634926322552
0.05020420560629823
0.05669530619560804
0.037653154204723406
0.050395827729444904
0.06299478466177072
0.05020420560629823
0.044096349263253495
0.05020420560629823
0.06299478466177072
0.05647973130709944
0.05039582772941658
0.05647973130709944
0.056695306195579664
0.05647973130709944
0.050395795982693614
0.05647987308345701
0.0629945068789934
0.0627553357724451
0.06299490371228315
0.0690308693496729
0.06929395756687777
0.0690308693496729
0.06929439408352545
0.07530640292690069
0.06929395756690575
0.07530640292690069
0.07559388445476775
0.0944917603184761
0.07530640292692856
0.08189337482598093
0.08785747008138414
0.0818928589427054
0.10040853723586758
0.1007918459396796
0.10040853723586758
0.10709066169430276
0.11295960439035103
0.11339082668213606
0.1192351379676067
0.13228846444590012
0.13178620512209013
0.1448882785382632
0.15061280585380138
0.1511868165096121
0.17571494016279615
0.18268522076563257
0.19528420150809175
0.2133668026357115
0.2267816533642473
0.2510213430896968
0.2645785955916135
0.3074992155632329
0.32757349930390034
0.3890830817890426
0.4346648356147896
0.5198281967809698
0.6105374742534064
0.7451146915786134
0.8984725965858339
1.112267231172141
1.3119101694197972
1.5653979003249774
1.894981355828629
2.2329555107886723
2.6016169189020744
2.9772499271870476
3.569646489847284
4.03926337734535
4.601380414124688
5.116355834296111
5.903637402399383
6.395268876358365
6.9022432290495015
7.991660875608207
8.527416101227073
9.029126213593505
9.490406436971105
10.845219851466291
10.96439518981518
10.845219851466291
11.808024377856897
12.79053775271612
11.679573441665157
12.792297111417659
13.953488372095178
